[gd_scene load_steps=8 format=3 uid="uid://neudcqb0ff87"]

[ext_resource type="PackedScene" uid="uid://d23nvm8m4i5k5" path="res://Nan/Dead wood.glb" id="1_lnjt5"]

[sub_resource type="CylinderShape3D" id="CylinderShape3D_ujdew"]
height = 5.89158

[sub_resource type="CylinderShape3D" id="CylinderShape3D_by7ox"]
height = 3.0

[sub_resource type="CylinderShape3D" id="CylinderShape3D_hrt8a"]
radius = 0.181203

[sub_resource type="CylinderShape3D" id="CylinderShape3D_kmbfs"]
radius = 0.14234

[sub_resource type="CylinderShape3D" id="CylinderShape3D_yxixt"]
height = 1.31198
radius = 0.0984087

[sub_resource type="CylinderShape3D" id="CylinderShape3D_83l3p"]
radius = 0.108647

[node name="Dead wood" type="StaticBody3D"]
transform = Transform3D(0.898097, 0, 0.439798, 0, 1, 0, -0.439798, 0, 0.898097, 0, 0, 0)

[node name="Dead wood" parent="." instance=ExtResource("1_lnjt5")]
transform = Transform3D(0.345463, 0, -0.614251, 0, 0.704733, 0, 0.614251, 0, 0.345463, -4.58854, 0, 1.34837)

[node name="CollisionShape3D" type="CollisionShape3D" parent="."]
transform = Transform3D(1, 0, 0, 0, 1, 0, 0, 0, 1, -0.0273101, 2.90128, 0.683285)
shape = SubResource("CylinderShape3D_ujdew")

[node name="CollisionShape3D2" type="CollisionShape3D" parent="."]
transform = Transform3D(1, 0, 0, 0, 1, 0, 0, 0, 1, -3.64044, 1.27952, 2.42329)
shape = SubResource("CylinderShape3D_by7ox")

[node name="CollisionShape3D3" type="CollisionShape3D" parent="."]
transform = Transform3D(0.868145, -0.493409, -0.0535874, 0.494461, 0.869166, 0.00765148, 0.0428011, -0.0331395, 0.998534, -3.99286, 3.75931, 2.4213)
shape = SubResource("CylinderShape3D_hrt8a")

[node name="CollisionShape3D4" type="CollisionShape3D" parent="."]
transform = Transform3D(0.759953, 0.64916, 0.0326003, -0.581899, 0.657151, 0.47911, 0.289596, -0.383071, 0.877149, -2.59638, 3.91527, 2.06584)
shape = SubResource("CylinderShape3D_kmbfs")

[node name="CollisionShape3D5" type="CollisionShape3D" parent="."]
transform = Transform3D(0.487011, 0.866195, -0.111921, -0.225893, 0.248706, 0.941869, 0.843678, -0.433418, 0.31679, -2.54043, 3.29639, 2.25021)
shape = SubResource("CylinderShape3D_yxixt")

[node name="CollisionShape3D6" type="CollisionShape3D" parent="."]
transform = Transform3D(0.303548, 0.640932, -0.705028, -0.300397, 0.76658, 0.567553, 0.904224, 0.0395085, 0.425228, 0.816085, 2.84938, 0.672505)
shape = SubResource("CylinderShape3D_83l3p")
