[gd_scene load_steps=4 format=3 uid="uid://b64q7f76oh3mn"]

[ext_resource type="PackedScene" uid="uid://da4do3b0ei4an" path="res://Chiara/TreeLog.glb" id="1_fdevj"]

[sub_resource type="CylinderShape3D" id="CylinderShape3D_ayqxe"]
height = 3.37987
radius = 0.362086

[sub_resource type="CapsuleShape3D" id="CapsuleShape3D_ljql1"]
radius = 0.0441424
height = 0.448697

[node name="StaticBody3D" type="StaticBody3D"]

[node name="TreeLog" parent="." instance=ExtResource("1_fdevj")]
transform = Transform3D(0.699992, -0.00329866, 0, 0.00329866, 0.699992, 0, 0, 0, 0.7, 0.687445, 0, 0.794807)

[node name="CollisionShape3D" type="CollisionShape3D" parent="."]
transform = Transform3D(-1.65361e-07, -1.01496, 0.00871191, -7.61619e-10, -0.00871191, -1.01496, 1.015, -1.65362e-07, 6.57731e-10, 0.0368217, 0.347224, 0.80096)
shape = SubResource("CylinderShape3D_ayqxe")

[node name="CollisionShape3D2" type="CollisionShape3D" parent="."]
transform = Transform3D(0.307561, 0.188446, 0.932681, -0.764722, 0.632232, 0.124433, -0.566222, -0.751513, 0.338559, -0.624351, 0.633673, 0.539375)
shape = SubResource("CapsuleShape3D_ljql1")

[node name="CollisionShape3D3" type="CollisionShape3D" parent="."]
transform = Transform3D(0.30696, 0.188943, 0.932779, -0.764963, 0.632084, 0.123701, -0.566222, -0.751513, 0.338559, 1.43831, 0.633673, 0.528812)
shape = SubResource("CapsuleShape3D_ljql1")

[node name="CollisionShape3D4" type="CollisionShape3D" parent="."]
transform = Transform3D(0.448926, 0.00317715, 0.893563, -0.670548, -0.659764, 0.339229, 0.590619, -0.751466, -0.294055, 0.687545, 0.663762, 1.11796)
shape = SubResource("CapsuleShape3D_ljql1")

[node name="CollisionShape3D5" type="CollisionShape3D" parent="."]
transform = Transform3D(0.448926, 0.00317719, 0.893563, -0.690762, -0.633123, 0.34929, 0.566845, -0.774045, -0.282031, -0.948657, 0.663762, 1.11016)
shape = SubResource("CapsuleShape3D_ljql1")
