[gd_scene load_steps=59 format=3 uid="uid://bhvggiixftuup"]

[ext_resource type="PackedScene" uid="uid://couoihr1xwbk3" path="res://Riley/Kelp.tscn" id="2_4ty13"]
[ext_resource type="PackedScene" uid="uid://brpse8kilyf1m" path="res://Zibo/waterweed.tscn" id="3_1bdq5"]
[ext_resource type="PackedScene" uid="uid://bqluc3quqvy3b" path="res://Riley/Coral1.tscn" id="5_10ktg"]
[ext_resource type="PackedScene" uid="uid://b5jdppew1ktlt" path="res://Riley/Coral2.tscn" id="6_1234g"]
[ext_resource type="PackedScene" uid="uid://qnbt3b0y2qtf" path="res://Riley/Coral3.tscn" id="7_ahhk4"]
[ext_resource type="PackedScene" uid="uid://dhqptf34vj0c8" path="res://Gia/Coral_4.tscn" id="8_3kkqx"]
[ext_resource type="PackedScene" uid="uid://cv682s4cyicvs" path="res://Gia/Coral_5.tscn" id="9_xbk7i"]
[ext_resource type="PackedScene" uid="uid://b0j3jdkb5bmhw" path="res://Riley/HealthyGrass.tscn" id="10_h0inc"]
[ext_resource type="PackedScene" uid="uid://ceuver5421605" path="res://Matty/Starfish_matty/starfish_matty.tscn" id="11_ajdkl"]
[ext_resource type="PackedScene" uid="uid://cugyufxm7gt77" path="res://Naomi/Anchor.tscn" id="11_hbc7l"]
[ext_resource type="PackedScene" uid="uid://bvcgaa6bfn1ex" path="res://Naomi/Crab.tscn" id="12_doah5"]
[ext_resource type="PackedScene" uid="uid://devktc7pfnl5r" path="res://Naomi/Shell.tscn" id="12_oguft"]
[ext_resource type="PackedScene" uid="uid://ej66i32qy8ve" path="res://Chiara/water_rock.tscn" id="13_a3a6l"]
[ext_resource type="PackedScene" uid="uid://bv1eb3hpcnx0j" path="res://Ethan C/greenbarrel.tscn" id="14_ajkl1"]
[ext_resource type="PackedScene" uid="uid://dffctwdfacdjg" path="res://Chiara/surrounding_rocks.tscn" id="15_gwluc"]
[ext_resource type="PackedScene" uid="uid://gr4k51xejfwf" path="res://Ethan C/redbarrel.tscn" id="15_yj140"]
[ext_resource type="PackedScene" uid="uid://hmade3vwwc0u" path="res://Ethan C/yellowbarrel.tscn" id="16_yn3rv"]
[ext_resource type="PackedScene" uid="uid://s3tdan6y7gjg" path="res://Darius/Rubble.tscn" id="21_c8ykp"]
[ext_resource type="PackedScene" uid="uid://cxnxgy1ct3kaa" path="res://Gia/Rock_Group.tscn" id="22_fhbnj"]
[ext_resource type="PackedScene" uid="uid://2gv276l2p1uf" path="res://Riley/GlowingBarrel.tscn" id="25_sa3ab"]
[ext_resource type="PackedScene" uid="uid://cj2h26ls141qf" path="res://Riley/CargoBox.tscn" id="26_ahco6"]
[ext_resource type="PackedScene" uid="uid://3012mnglbpa5" path="res://Sing-yu/cottage_house.tscn" id="27_3uvvl"]
[ext_resource type="PackedScene" uid="uid://w5oq0f2krj7h" path="res://Sing-yu/cottage_house_4.tscn" id="28_vqaxj"]
[ext_resource type="PackedScene" uid="uid://c5xp7gtkn6r52" path="res://Sing-yu/cottage_house_destroyed1.tscn" id="29_4udvm"]
[ext_resource type="PackedScene" uid="uid://bxad2s0o121ou" path="res://Zibo/broken_windmill_2.tscn" id="29_28cmr"]
[ext_resource type="PackedScene" uid="uid://lbgqh634a3jy" path="res://Zibo/broken_windmill_1.tscn" id="30_r8e8l"]
[ext_resource type="PackedScene" uid="uid://cn67k105en2ld" path="res://Suyeon/dead_sea_turtle.tscn" id="31_1jnf1"]
[ext_resource type="PackedScene" uid="uid://rqy64lsppbid" path="res://Sing-yu/cottage_house_destroyed2.tscn" id="31_jvfwo"]
[ext_resource type="PackedScene" uid="uid://bvvcn5m53xl14" path="res://Matty/Manta Ray/manta_ray.tscn" id="33_uwn0q"]
[ext_resource type="PackedScene" uid="uid://dnhxmh2okb2u0" path="res://Tram/sound effects/under_water_sound_scape_tram.tscn" id="33_v1vur"]
[ext_resource type="PackedScene" uid="uid://bxld4rvbsdc7m" path="res://Matty/Octopus/octopus.tscn" id="34_cwpad"]
[ext_resource type="PackedScene" uid="uid://dvkoynp3vo2xd" path="res://Rongyu Liu/Soil/No_green_soil.tscn" id="34_fxlfq"]
[ext_resource type="PackedScene" uid="uid://8e2ydrfqh2mk" path="res://Le Zhang/mutated fish.tscn" id="35_bpauy"]
[ext_resource type="PackedScene" uid="uid://l2qjv46ra0f1" path="res://Le Zhang/fish.tscn" id="36_21vdl"]
[ext_resource type="PackedScene" uid="uid://bufxt6jlr78ns" path="res://Le Zhang/conch.tscn" id="37_c406w"]
[ext_resource type="PackedScene" uid="uid://bo28o20edvl6t" path="res://Suyeon/sea_turtle.tscn" id="38_5lt7y"]
[ext_resource type="PackedScene" uid="uid://c6xmw21g7x5kr" path="res://Wilson/underwater_bubbles.tscn" id="39_lvfal"]

[sub_resource type="BoxShape3D" id="BoxShape3D_syyqv"]
size = Vector3(6.72438, 2.81226, 6.42453)

[sub_resource type="CapsuleShape3D" id="CapsuleShape3D_6yif0"]
radius = 4.19948
height = 8.42488

[sub_resource type="BoxShape3D" id="BoxShape3D_dvtbc"]
size = Vector3(6.56412, 2.25781, 6.89233)

[sub_resource type="CapsuleShape3D" id="CapsuleShape3D_3gpu3"]
radius = 4.89341
height = 16.8575

[sub_resource type="BoxShape3D" id="BoxShape3D_ehlir"]
size = Vector3(3.81824, 5.0835, 7.84753)

[sub_resource type="BoxShape3D" id="BoxShape3D_p6xso"]
size = Vector3(8.90259, 5.31862, 6.43042)

[sub_resource type="BoxShape3D" id="BoxShape3D_0xk02"]
size = Vector3(8.95874, 7.72159, 4.21902)

[sub_resource type="BoxShape3D" id="BoxShape3D_uf801"]
size = Vector3(8.84962, 8.27603, 4.7149)

[sub_resource type="BoxShape3D" id="BoxShape3D_xxj4w"]
size = Vector3(8.91064, 7.24567, 6.33772)

[sub_resource type="BoxShape3D" id="BoxShape3D_yb381"]
size = Vector3(5.33533, 7.07208, 8.74585)

[sub_resource type="BoxShape3D" id="BoxShape3D_64l64"]
size = Vector3(28.2896, 4.64844, 21.448)

[sub_resource type="BoxShape3D" id="BoxShape3D_ltgh6"]
size = Vector3(7.48993, 3.29395, 3.55245)

[sub_resource type="BoxShape3D" id="BoxShape3D_olshm"]
size = Vector3(7.41237, 5.52512, 2.89938)

[sub_resource type="BoxShape3D" id="BoxShape3D_22ixu"]
size = Vector3(3.28137, 1.8855, 1.2959)

[sub_resource type="BoxShape3D" id="BoxShape3D_nmxg4"]
size = Vector3(7.03418, 1.42126, 1.74072)

[sub_resource type="BoxShape3D" id="BoxShape3D_xek2o"]
size = Vector3(6.98688, 0.954956, 0.974609)

[sub_resource type="BoxShape3D" id="BoxShape3D_hwyea"]
size = Vector3(6.55954, 2.63904, 0.671387)

[sub_resource type="BoxShape3D" id="BoxShape3D_qqirt"]
size = Vector3(6.95847, 1.4707, 1)

[sub_resource type="BoxShape3D" id="BoxShape3D_upq26"]

[sub_resource type="BoxShape3D" id="BoxShape3D_m2nfa"]
size = Vector3(1.41895, 1, 1)

[sub_resource type="BoxShape3D" id="BoxShape3D_ce1wu"]

[node name="PuzzleGame" type="Node3D"]

[node name="Anchor" parent="." instance=ExtResource("11_hbc7l")]
transform = Transform3D(0.315877, -0.138875, 0.556749, -0.145156, 0.595523, 0.230902, -0.555145, -0.234733, 0.256415, 13.377, -0.106195, 14.3195)

[node name="Grass" type="Node3D" parent="."]

[node name="Kelp" parent="Grass" instance=ExtResource("2_4ty13")]
transform = Transform3D(0.122574, 0, 0, 0, 0.122574, 0, 0, 0, 0.122574, 0.0717347, 0.198779, 17.6743)

[node name="Kelp2" parent="Grass" instance=ExtResource("2_4ty13")]
transform = Transform3D(0.0623844, 0, 0, 0, 0.0623844, 0, 0, 0, 0.0623844, 0.87132, 0.198779, 15.7215)

[node name="Waterweed" parent="Grass" instance=ExtResource("3_1bdq5")]
transform = Transform3D(0.169345, 0, 0, 0, 0.169345, 0, 0, 0, 0.169345, 15.4399, 0.22781, 5.28953)

[node name="Waterweed2" parent="Grass" instance=ExtResource("3_1bdq5")]
transform = Transform3D(0.108459, 0, 0, 0, 0.108459, 0, 0, 0, 0.108459, 8.65171, 0.242409, 11.2545)

[node name="HealthyGrass" parent="Grass" instance=ExtResource("10_h0inc")]
transform = Transform3D(0.929049, 0, -0.369958, 0, 1, 0, 0.369958, 0, 0.929049, 18.1796, 0.243512, 17.5147)

[node name="Corals" type="Node3D" parent="."]

[node name="Coral1" parent="Corals" instance=ExtResource("5_10ktg")]
transform = Transform3D(0.227492, 0, 0.458118, 0, 0.511492, 0, -0.458118, 0, 0.227492, 7.35309, 0.133912, 19.4845)

[node name="Coral2" parent="Corals" instance=ExtResource("6_1234g")]
transform = Transform3D(0.755901, 0, 0.200692, 0, 0.782089, 0, -0.200692, 0, 0.755901, 0.74806, 0.00419275, 6.39792)

[node name="Coral3" parent="Corals" instance=ExtResource("7_ahhk4")]
transform = Transform3D(0.324857, 0, 0.324257, 0, 0.458993, 0, -0.324257, 0, 0.324857, 1.0415, 0.128128, 17.7216)

[node name="Coral_4" parent="Corals" instance=ExtResource("8_3kkqx")]
transform = Transform3D(0.214192, 0, 0, 0, 0.214192, 0, 0, 0, 0.214192, -4.81875, -0.217612, 2.88934)

[node name="Coral_5" parent="Corals" instance=ExtResource("9_xbk7i")]
transform = Transform3D(0.200282, 0, 0, 0, 0.200282, 0, 0, 0, 0.200282, 17.1627, 0, 12.1014)

[node name="AquaticAnimals" type="Node3D" parent="."]

[node name="Shell" parent="AquaticAnimals" instance=ExtResource("12_oguft")]
transform = Transform3D(-0.315493, 0, -0.305616, 0, 0.439246, 0, 0.305616, 0, -0.315493, 7.42405, 5.02587, 0.66452)

[node name="starfish" parent="AquaticAnimals" instance=ExtResource("11_ajdkl")]
transform = Transform3D(4.32496, 0, 0, 0, 4.32496, 0, 0, 0, 4.32496, 6.1854, 0.0115421, 15.9662)

[node name="Crab" parent="AquaticAnimals" instance=ExtResource("12_doah5")]
transform = Transform3D(0.67677, 0, 0.235001, 0, 0.71641, 0, -0.235001, 0, 0.67677, -1.99947, 0, -18.0537)

[node name="dead sea turtle" parent="AquaticAnimals" instance=ExtResource("31_1jnf1")]
transform = Transform3D(0.756566, -0.145938, 0.637424, 0.189404, 0.981899, 0, -0.625886, 0.120731, 0.770513, 35.7555, -1.94476, 16.9883)

[node name="MantaRay" parent="AquaticAnimals" instance=ExtResource("33_uwn0q")]
transform = Transform3D(-0.997291, 0, -0.0735516, 0, 1, 0, 0.0735516, 0, -0.997291, 9.46605, 14.4456, 23.984)

[node name="MantaRay2" parent="AquaticAnimals" instance=ExtResource("33_uwn0q")]
transform = Transform3D(1, 0, 0, 0, 1, 0, 0, 0, 1, 30.4038, 11.9528, -18.3493)

[node name="Octopus" parent="AquaticAnimals" instance=ExtResource("34_cwpad")]
transform = Transform3D(0.92977, 0, -0.368141, 0, 1, 0, 0.368141, 0, 0.92977, -7.77552, 0.351045, 14.2186)

[node name="MutatedFish" parent="AquaticAnimals" instance=ExtResource("35_bpauy")]
transform = Transform3D(0.332294, 0, -0.340895, 0, 0.476055, 0, 0.340895, 0, 0.332294, 36.7853, 3.27027, 20.1821)

[node name="fish" parent="AquaticAnimals" instance=ExtResource("36_21vdl")]
transform = Transform3D(-0.0683701, 0, 0.466664, 0, 0.471646, 0, -0.466664, 0, -0.0683701, -8.88399, 6.82849, 22.5344)

[node name="conch" parent="AquaticAnimals" instance=ExtResource("37_c406w")]
transform = Transform3D(-0.105416, 0.266822, -0.356413, 0.425528, 0.168118, 0, 0.130962, -0.331481, -0.286892, 13.1925, 3.14012, 3.90044)

[node name="sea turtle" parent="AquaticAnimals" instance=ExtResource("38_5lt7y")]
transform = Transform3D(-0.323051, 0, 0.222583, 0, 0.392308, 0, -0.222583, 0, -0.323051, -14.8609, -0.251142, 24.6923)

[node name="Surrounding Rocks" parent="." instance=ExtResource("15_gwluc")]
transform = Transform3D(0.302853, 0, 0.533443, 0, 0.613418, 0, -0.533443, 0, 0.302853, 3.06552, 0.456979, 16.4926)

[node name="smallrocks" type="Node3D" parent="."]

[node name="Surrounding Rocks3" parent="smallrocks" instance=ExtResource("15_gwluc")]
transform = Transform3D(0.416953, 0.00242407, 0.23779, -0.0399969, 0.473852, 0.0653021, -0.234414, -0.0765392, 0.411815, 7.59102, 0.681206, 13.6318)

[node name="CollisionShape3D" type="CollisionShape3D" parent="smallrocks/Surrounding Rocks3"]
transform = Transform3D(0.912906, -0.0729002, -0.401601, 0.0152728, 0.98933, -0.144872, 0.407867, 0.12612, 0.904283, -0.0751324, 0.351737, -3.01798)
shape = SubResource("BoxShape3D_syyqv")

[node name="Surrounding Rocks4" parent="smallrocks" instance=ExtResource("15_gwluc")]
transform = Transform3D(-0.303772, -0.0588052, 0.240651, -0.0326625, 0.38696, 0.0533274, -0.245569, 0.0212744, -0.304782, 8.51361, 0.681206, 11.2116)

[node name="Surrounding Rocks5" parent="smallrocks" instance=ExtResource("15_gwluc")]
transform = Transform3D(-0.137941, 0.0323922, -0.319534, -0.0291262, 0.345064, 0.0475538, 0.319849, 0.0453921, -0.133475, 6.54572, 0.724488, 10.9077)

[node name="smallrocks2" type="Node3D" parent="."]
transform = Transform3D(0.711989, 0, -0.70219, 0, 1, 0, 0.70219, 0, 0.711989, 18.2558, 0, -27.5772)

[node name="Surrounding Rocks3" parent="smallrocks2" instance=ExtResource("15_gwluc")]
transform = Transform3D(0.416953, 0.00242407, 0.23779, -0.0399969, 0.473852, 0.0653021, -0.234414, -0.0765392, 0.411815, 7.59102, 0.681206, 13.6318)

[node name="CollisionShape3D" type="CollisionShape3D" parent="smallrocks2/Surrounding Rocks3"]
transform = Transform3D(1, 3.72529e-09, -8.9407e-08, -4.47035e-08, 1, 7.45058e-09, 0, 0, 1, 0.685995, -1.57509, -3.53303)
shape = SubResource("CapsuleShape3D_6yif0")

[node name="Surrounding Rocks4" parent="smallrocks2" instance=ExtResource("15_gwluc")]
transform = Transform3D(-0.303772, -0.0588052, 0.240651, -0.0326625, 0.38696, 0.0533274, -0.245569, 0.0212744, -0.304782, 8.51361, 0.681206, 11.2116)

[node name="Surrounding Rocks5" parent="smallrocks2" instance=ExtResource("15_gwluc")]
transform = Transform3D(-0.137941, 0.0323922, -0.319534, -0.0291262, 0.345064, 0.0475538, 0.319849, 0.0453921, -0.133475, 6.54572, 0.724488, 10.9077)

[node name="Surrounding Rocks6" parent="." instance=ExtResource("15_gwluc")]
transform = Transform3D(-0.170041, -0.0526004, 0.277535, -0.0274734, 0.325484, 0.0448554, -0.281137, 7.34074e-06, -0.172247, 3.10663, 0.673258, 8.94492)

[node name="CollisionShape3D" type="CollisionShape3D" parent="Surrounding Rocks6"]
transform = Transform3D(0.995294, -0.0965937, 0.00767657, 0.0965931, 0.982758, -0.157658, 0.00768471, 0.157657, 0.987464, 1.14847, -0.536912, -3.03887)
shape = SubResource("BoxShape3D_dvtbc")

[node name="Surrounding Rocks7" parent="." instance=ExtResource("15_gwluc")]
transform = Transform3D(-0.161959, 0.0158901, -0.214501, -0.0224355, 0.265799, 0.0366301, 0.213916, 0.0399077, -0.158561, 1.42488, 0.673258, 8.36438)

[node name="Surrounding Rocks8" parent="." instance=ExtResource("15_gwluc")]
transform = Transform3D(0.222602, 0.0304562, -0.0846576, -0.0200065, 0.237021, 0.0326642, 0.0877168, -0.02323, 0.222289, 1.25919, 0.702987, 9.72206)

[node name="Rocks" type="Node3D" parent="."]
transform = Transform3D(1, 0, 0, 0, 1, 0, 0, 0, 1, 5.83581, 0, 0)

[node name="WaterRock" parent="Rocks" instance=ExtResource("13_a3a6l")]
transform = Transform3D(-0.520235, 0, -0.854023, 0, 1, 0, 0.854023, 0, -0.520235, 1.5424, 1.08202, 2.56024)

[node name="WaterRock2" parent="Rocks" instance=ExtResource("13_a3a6l")]
transform = Transform3D(-0.520235, 0, -0.854023, 0, 1, 0, 0.854023, 0, -0.520235, 3.31569, 1.08202, 2.70734)

[node name="WaterRock3" parent="Rocks" instance=ExtResource("13_a3a6l")]
transform = Transform3D(-0.520235, 0, -0.854023, 0, 1, 0, 0.854023, 0, -0.520235, 5.09745, 1.08202, 2.84919)

[node name="WaterRock4" parent="Rocks" instance=ExtResource("13_a3a6l")]
transform = Transform3D(-0.520235, 0, -0.854023, 0, 1, 0, 0.854023, 0, -0.520235, 6.85358, 1.08202, 3.00313)

[node name="Rocks2" type="Node3D" parent="."]
transform = Transform3D(0.764531, -0.0248597, 0.0620554, 0.038922, -0.41367, -0.645244, 0.0543502, 0.645938, -0.410837, 6.79983, 11.3511, -3.90886)

[node name="WaterRock" parent="Rocks2" instance=ExtResource("13_a3a6l")]
transform = Transform3D(-0.520235, 0, -0.854023, 0, 1, 0, 0.854023, 0, -0.520235, 1.5424, 1.08202, 2.56024)

[node name="WaterRock2" parent="Rocks2" instance=ExtResource("13_a3a6l")]
transform = Transform3D(-0.520235, 0, -0.854023, 0, 1, 0, 0.854023, 0, -0.520235, 3.31569, 1.08202, 2.70734)

[node name="WaterRock3" parent="Rocks2" instance=ExtResource("13_a3a6l")]
transform = Transform3D(-0.520235, 0, -0.854023, 0, 1, 0, 0.854023, 0, -0.520235, 5.09745, 1.08202, 2.84919)

[node name="WaterRock4" parent="Rocks2" instance=ExtResource("13_a3a6l")]
transform = Transform3D(-0.520235, 0, -0.854023, 0, 1, 0, 0.854023, 0, -0.520235, 6.85358, 1.08202, 3.00313)

[node name="Rocks3" type="Node3D" parent="."]
transform = Transform3D(-0.0723605, -0.53342, 0.84275, 0.0324631, -0.845776, -0.532549, 0.99685, -0.0111772, 0.0785177, -1.21275, 11.3102, -13.9152)

[node name="WaterRock" parent="Rocks3" instance=ExtResource("13_a3a6l")]
transform = Transform3D(-0.520235, 0, -0.854023, 0, 1, 0, 0.854023, 0, -0.520235, 1.5424, 1.08202, 2.56024)

[node name="WaterRock2" parent="Rocks3" instance=ExtResource("13_a3a6l")]
transform = Transform3D(-0.520235, 0, -0.854023, 0, 1, 0, 0.854023, 0, -0.520235, 3.31569, 1.08202, 2.70734)

[node name="WaterRock3" parent="Rocks3" instance=ExtResource("13_a3a6l")]
transform = Transform3D(-0.520235, 0, -0.854023, 0, 1, 0, 0.854023, 0, -0.520235, 5.09745, 1.08202, 2.84919)

[node name="WaterRock4" parent="Rocks3" instance=ExtResource("13_a3a6l")]
transform = Transform3D(-0.520235, 0, -0.854023, 0, 1, 0, 0.854023, 0, -0.520235, 6.85358, 1.08202, 3.00313)

[node name="Rocks4" type="Node3D" parent="."]
transform = Transform3D(-0.120102, 0, 0.992761, 0, 1, 0, -0.992761, 0, -0.120102, -6.69896, 0.224204, 2.06243)

[node name="WaterRock" parent="Rocks4" instance=ExtResource("13_a3a6l")]
transform = Transform3D(-0.520235, 0, -0.854023, 0, 1, 0, 0.854023, 0, -0.520235, 1.5424, 1.08202, 2.56024)

[node name="WaterRock2" parent="Rocks4" instance=ExtResource("13_a3a6l")]
transform = Transform3D(-0.520235, 0, -0.854023, 0, 1, 0, 0.854023, 0, -0.520235, 3.31569, 1.08202, 2.70734)

[node name="WaterRock3" parent="Rocks4" instance=ExtResource("13_a3a6l")]
transform = Transform3D(-0.520235, 0, -0.854023, 0, 1, 0, 0.854023, 0, -0.520235, 5.09745, 1.08202, 2.84919)

[node name="WaterRock4" parent="Rocks4" instance=ExtResource("13_a3a6l")]
transform = Transform3D(-0.520235, 0, -0.854023, 0, 1, 0, 0.854023, 0, -0.520235, 6.85358, 1.08202, 3.00313)

[node name="Rocks5" type="Node3D" parent="."]
transform = Transform3D(-0.131119, -0.142295, 0.981102, 0.0105557, -0.98979, -0.142144, 0.99131, -0.00828151, 0.131282, -5.72249, 9.88121, -7.44532)

[node name="WaterRock" parent="Rocks5" instance=ExtResource("13_a3a6l")]
transform = Transform3D(-0.520235, 0, -0.854023, 0, 1, 0, 0.854023, 0, -0.520235, 1.5424, 1.08202, 2.56024)

[node name="WaterRock2" parent="Rocks5" instance=ExtResource("13_a3a6l")]
transform = Transform3D(-0.520235, 0, -0.854023, 0, 1, 0, 0.854023, 0, -0.520235, 3.31569, 1.08202, 2.70734)

[node name="WaterRock3" parent="Rocks5" instance=ExtResource("13_a3a6l")]
transform = Transform3D(-0.520235, 0, -0.854023, 0, 1, 0, 0.854023, 0, -0.520235, 5.09745, 1.08202, 2.84919)

[node name="WaterRock4" parent="Rocks5" instance=ExtResource("13_a3a6l")]
transform = Transform3D(-0.520235, 0, -0.854023, 0, 1, 0, 0.854023, 0, -0.520235, 6.85358, 1.08202, 3.00313)

[node name="Rocks6" type="Node3D" parent="."]
transform = Transform3D(0.48836, 0, 0.0840912, 0, 0.495547, 0, -0.0840912, 0, 0.48836, 1.47939, 0, 1.96088)

[node name="WaterRock" parent="Rocks6" instance=ExtResource("13_a3a6l")]
transform = Transform3D(-0.520235, 0, -0.854023, 0, 1, 0, 0.854023, 0, -0.520235, 1.5424, 1.08202, 2.56024)

[node name="WaterRock2" parent="Rocks6" instance=ExtResource("13_a3a6l")]
transform = Transform3D(-0.520235, 0, -0.854023, 0, 1, 0, 0.854023, 0, -0.520235, 3.31569, 1.08202, 2.70734)

[node name="WaterRock3" parent="Rocks6" instance=ExtResource("13_a3a6l")]
transform = Transform3D(-0.520235, 0, -0.854023, 0, 1, 0, 0.854023, 0, -0.520235, 5.09745, 1.08202, 2.84919)

[node name="WaterRock4" parent="Rocks6" instance=ExtResource("13_a3a6l")]
transform = Transform3D(-0.520235, 0, -0.854023, 0, 1, 0, 0.854023, 0, -0.520235, 6.85358, 1.08202, 3.00313)

[node name="Rocks7" type="Node3D" parent="."]
transform = Transform3D(0.494886, 0.00807622, 0.0242824, 0.0230048, 0.065558, -0.490652, -0.0112089, 0.491125, 0.0650956, -1.81819, 6.647, -1.70715)

[node name="WaterRock" parent="Rocks7" instance=ExtResource("13_a3a6l")]
transform = Transform3D(-0.520235, 0, -0.854023, 0, 1, 0, 0.854023, 0, -0.520235, 1.5424, 1.08202, 2.56024)

[node name="WaterRock2" parent="Rocks7" instance=ExtResource("13_a3a6l")]
transform = Transform3D(-0.520235, 0, -0.854023, 0, 1, 0, 0.854023, 0, -0.520235, 3.31569, 1.08202, 2.70734)

[node name="WaterRock3" parent="Rocks7" instance=ExtResource("13_a3a6l")]
transform = Transform3D(-0.520235, 0, -0.854023, 0, 1, 0, 0.854023, 0, -0.520235, 5.09745, 1.08202, 2.84919)

[node name="WaterRock4" parent="Rocks7" instance=ExtResource("13_a3a6l")]
transform = Transform3D(-0.520235, 0, -0.854023, 0, 1, 0, 0.854023, 0, -0.520235, 6.85358, 1.08202, 3.00313)

[node name="Rocks8" type="Node3D" parent="."]
transform = Transform3D(0.494886, 0.00807622, 0.0242824, 0.0230048, 0.065558, -0.490652, -0.0112089, 0.491125, 0.0650956, 1.78196, 6.52855, -1.70715)

[node name="WaterRock" parent="Rocks8" instance=ExtResource("13_a3a6l")]
transform = Transform3D(-0.520235, 0, -0.854023, 0, 1, 0, 0.854023, 0, -0.520235, 1.5424, 1.08202, 2.56024)

[node name="WaterRock2" parent="Rocks8" instance=ExtResource("13_a3a6l")]
transform = Transform3D(-0.520235, 0, -0.854023, 0, 1, 0, 0.854023, 0, -0.520235, 3.31569, 1.08202, 2.70734)

[node name="WaterRock3" parent="Rocks8" instance=ExtResource("13_a3a6l")]
transform = Transform3D(-0.520235, 0, -0.854023, 0, 1, 0, 0.854023, 0, -0.520235, 5.09745, 1.08202, 2.84919)

[node name="WaterRock4" parent="Rocks8" instance=ExtResource("13_a3a6l")]
transform = Transform3D(-0.520235, 0, -0.854023, 0, 1, 0, 0.854023, 0, -0.520235, 6.85358, 1.08202, 3.00313)

[node name="Rocks15" type="Node3D" parent="."]
transform = Transform3D(0.480834, -0.119677, 0.00655391, 0.0230048, 0.065558, -0.490652, 0.117628, 0.476389, 0.0691673, -1.7565, 6.647, -11.2136)

[node name="WaterRock" parent="Rocks15" instance=ExtResource("13_a3a6l")]
transform = Transform3D(-0.520235, 0, -0.854023, 0, 1, 0, 0.854023, 0, -0.520235, 1.5424, 1.08202, 2.56024)

[node name="WaterRock2" parent="Rocks15" instance=ExtResource("13_a3a6l")]
transform = Transform3D(-0.520235, 0, -0.854023, 0, 1, 0, 0.854023, 0, -0.520235, 3.31569, 1.08202, 2.70734)

[node name="WaterRock3" parent="Rocks15" instance=ExtResource("13_a3a6l")]
transform = Transform3D(-0.520235, 0, -0.854023, 0, 1, 0, 0.854023, 0, -0.520235, 5.09745, 1.08202, 2.84919)

[node name="WaterRock4" parent="Rocks15" instance=ExtResource("13_a3a6l")]
transform = Transform3D(-0.520235, 0, -0.854023, 0, 1, 0, 0.854023, 0, -0.520235, 6.85358, 1.08202, 3.00313)

[node name="Rocks16" type="Node3D" parent="."]
transform = Transform3D(0.480834, -0.119677, 0.00655391, 0.0230048, 0.065558, -0.490652, 0.117628, 0.476389, 0.0691673, 1.72026, 6.52855, -10.2792)

[node name="WaterRock" parent="Rocks16" instance=ExtResource("13_a3a6l")]
transform = Transform3D(-0.520235, 0, -0.854023, 0, 1, 0, 0.854023, 0, -0.520235, 1.5424, 1.08202, 2.56024)

[node name="WaterRock2" parent="Rocks16" instance=ExtResource("13_a3a6l")]
transform = Transform3D(-0.520235, 0, -0.854023, 0, 1, 0, 0.854023, 0, -0.520235, 3.31569, 1.08202, 2.70734)

[node name="WaterRock3" parent="Rocks16" instance=ExtResource("13_a3a6l")]
transform = Transform3D(-0.520235, 0, -0.854023, 0, 1, 0, 0.854023, 0, -0.520235, 5.09745, 1.08202, 2.84919)

[node name="WaterRock4" parent="Rocks16" instance=ExtResource("13_a3a6l")]
transform = Transform3D(-0.520235, 0, -0.854023, 0, 1, 0, 0.854023, 0, -0.520235, 6.85358, 1.08202, 3.00313)

[node name="Rocks9" type="Node3D" parent="."]
transform = Transform3D(0.494886, 0.00807622, 0.0242824, 0.000915769, 0.464331, -0.173098, -0.0255739, 0.172912, 0.463696, -1.81819, 0.774837, -7.33559)

[node name="WaterRock" parent="Rocks9" instance=ExtResource("13_a3a6l")]
transform = Transform3D(-0.520235, 0, -0.854023, 0, 1, 0, 0.854023, 0, -0.520235, 1.5424, 1.08202, 2.56024)

[node name="WaterRock2" parent="Rocks9" instance=ExtResource("13_a3a6l")]
transform = Transform3D(-0.520235, 0, -0.854023, 0, 1, 0, 0.854023, 0, -0.520235, 3.31569, 1.08202, 2.70734)

[node name="WaterRock3" parent="Rocks9" instance=ExtResource("13_a3a6l")]
transform = Transform3D(-0.520235, 0, -0.854023, 0, 1, 0, 0.854023, 0, -0.520235, 5.09745, 1.08202, 2.84919)

[node name="WaterRock4" parent="Rocks9" instance=ExtResource("13_a3a6l")]
transform = Transform3D(-0.520235, 0, -0.854023, 0, 1, 0, 0.854023, 0, -0.520235, 6.85358, 1.08202, 3.00313)

[node name="Rocks10" type="Node3D" parent="."]
transform = Transform3D(0.494886, 0.00807622, 0.0242824, 0.000915769, 0.464331, -0.173098, -0.0255739, 0.172912, 0.463696, 1.78196, 0.719179, -7.23103)

[node name="WaterRock" parent="Rocks10" instance=ExtResource("13_a3a6l")]
transform = Transform3D(-0.520235, 0, -0.854023, 0, 1, 0, 0.854023, 0, -0.520235, 1.5424, 1.08202, 2.56024)

[node name="WaterRock2" parent="Rocks10" instance=ExtResource("13_a3a6l")]
transform = Transform3D(-0.520235, 0, -0.854023, 0, 1, 0, 0.854023, 0, -0.520235, 3.31569, 1.08202, 2.70734)

[node name="WaterRock3" parent="Rocks10" instance=ExtResource("13_a3a6l")]
transform = Transform3D(-0.520235, 0, -0.854023, 0, 1, 0, 0.854023, 0, -0.520235, 5.09745, 1.08202, 2.84919)

[node name="WaterRock4" parent="Rocks10" instance=ExtResource("13_a3a6l")]
transform = Transform3D(-0.520235, 0, -0.854023, 0, 1, 0, 0.854023, 0, -0.520235, 6.85358, 1.08202, 3.00313)

[node name="Rocks13" type="Node3D" parent="."]
transform = Transform3D(0.448928, -0.0740736, -0.196326, 0.00091577, 0.464331, -0.173098, 0.209833, 0.156451, 0.420785, 0.883055, 0.774837, -17.2049)

[node name="WaterRock" parent="Rocks13" instance=ExtResource("13_a3a6l")]
transform = Transform3D(-0.520235, 0, -0.854023, 0, 1, 0, 0.854023, 0, -0.520235, 1.5424, 1.08202, 2.56024)

[node name="WaterRock2" parent="Rocks13" instance=ExtResource("13_a3a6l")]
transform = Transform3D(-0.520235, 0, -0.854023, 0, 1, 0, 0.854023, 0, -0.520235, 3.31569, 1.08202, 2.70734)

[node name="WaterRock3" parent="Rocks13" instance=ExtResource("13_a3a6l")]
transform = Transform3D(-0.520235, 0, -0.854023, 0, 1, 0, 0.854023, 0, -0.520235, 5.09745, 1.08202, 2.84919)

[node name="WaterRock4" parent="Rocks13" instance=ExtResource("13_a3a6l")]
transform = Transform3D(-0.520235, 0, -0.854023, 0, 1, 0, 0.854023, 0, -0.520235, 6.85358, 1.08202, 3.00313)

[node name="Rocks14" type="Node3D" parent="."]
transform = Transform3D(0.448928, -0.0740736, -0.196326, 0.00091577, 0.464331, -0.173098, 0.209833, 0.156451, 0.420785, 4.0124, 0.719179, -15.4219)

[node name="WaterRock" parent="Rocks14" instance=ExtResource("13_a3a6l")]
transform = Transform3D(-0.520235, 0, -0.854023, 0, 1, 0, 0.854023, 0, -0.520235, 1.5424, 1.08202, 2.56024)

[node name="WaterRock2" parent="Rocks14" instance=ExtResource("13_a3a6l")]
transform = Transform3D(-0.520235, 0, -0.854023, 0, 1, 0, 0.854023, 0, -0.520235, 3.31569, 1.08202, 2.70734)

[node name="WaterRock3" parent="Rocks14" instance=ExtResource("13_a3a6l")]
transform = Transform3D(-0.520235, 0, -0.854023, 0, 1, 0, 0.854023, 0, -0.520235, 5.09745, 1.08202, 2.84919)

[node name="WaterRock4" parent="Rocks14" instance=ExtResource("13_a3a6l")]
transform = Transform3D(-0.520235, 0, -0.854023, 0, 1, 0, 0.854023, 0, -0.520235, 6.85358, 1.08202, 3.00313)

[node name="Rocks11" type="Node3D" parent="."]
transform = Transform3D(0.494886, 0.00807622, 0.0242824, 0.000915769, 0.464331, -0.173098, -0.0255739, 0.172912, 0.463696, 7.8017, 6.27446, -1.47433)

[node name="WaterRock" parent="Rocks11" instance=ExtResource("13_a3a6l")]
transform = Transform3D(-0.520235, 0, -0.854023, 0, 1, 0, 0.854023, 0, -0.520235, 1.5424, 1.08202, 2.56024)

[node name="WaterRock2" parent="Rocks11" instance=ExtResource("13_a3a6l")]
transform = Transform3D(-0.520235, 0, -0.854023, 0, 1, 0, 0.854023, 0, -0.520235, 3.31569, 1.08202, 2.70734)

[node name="WaterRock3" parent="Rocks11" instance=ExtResource("13_a3a6l")]
transform = Transform3D(-0.520235, 0, -0.854023, 0, 1, 0, 0.854023, 0, -0.520235, 5.09745, 1.08202, 2.84919)

[node name="WaterRock4" parent="Rocks11" instance=ExtResource("13_a3a6l")]
transform = Transform3D(-0.520235, 0, -0.854023, 0, 1, 0, 0.854023, 0, -0.520235, 6.85358, 1.08202, 3.00313)

[node name="Rocks12" type="Node3D" parent="."]
transform = Transform3D(0.494886, 0.00807622, 0.0242824, 0.000915769, 0.464331, -0.173098, -0.0255739, 0.172912, 0.463696, 11.4019, 6.2188, -1.36977)

[node name="WaterRock" parent="Rocks12" instance=ExtResource("13_a3a6l")]
transform = Transform3D(-0.520235, 0, -0.854023, 0, 1, 0, 0.854023, 0, -0.520235, 1.5424, 1.08202, 2.56024)

[node name="WaterRock2" parent="Rocks12" instance=ExtResource("13_a3a6l")]
transform = Transform3D(-0.520235, 0, -0.854023, 0, 1, 0, 0.854023, 0, -0.520235, 3.31569, 1.08202, 2.70734)

[node name="WaterRock3" parent="Rocks12" instance=ExtResource("13_a3a6l")]
transform = Transform3D(-0.520235, 0, -0.854023, 0, 1, 0, 0.854023, 0, -0.520235, 5.09745, 1.08202, 2.84919)

[node name="WaterRock4" parent="Rocks12" instance=ExtResource("13_a3a6l")]
transform = Transform3D(-0.520235, 0, -0.854023, 0, 1, 0, 0.854023, 0, -0.520235, 6.85358, 1.08202, 3.00313)

[node name="broken windmill1" parent="." instance=ExtResource("30_r8e8l")]
transform = Transform3D(0.337223, 0.0251076, 0.41231, -0.086891, 0.524661, 0.0391178, -0.403831, -0.0919231, 0.335887, -30.8603, -0.234806, -2.15661)

[node name="broken windmill2" parent="." instance=ExtResource("29_28cmr")]
transform = Transform3D(0.66979, -0.468698, 0.0270824, 0, 0.0471838, 0.81658, -0.46948, -0.668674, 0.0386375, 39.3095, 1.92292, 0)

[node name="rubble" parent="." instance=ExtResource("21_c8ykp")]
transform = Transform3D(2.68669, 0, 0, 0, 2.68669, 0, 0, 0, 2.68669, 15.0174, 0, 2.79745)

[node name="rubble2" parent="." instance=ExtResource("21_c8ykp")]
transform = Transform3D(0.669989, 0, 3.93282, 0, 3.98948, 0, -3.93282, 0, 0.669989, 22.7029, 0.187333, 12.7303)

[node name="rubble5" parent="." instance=ExtResource("21_c8ykp")]
transform = Transform3D(-1.13554, 0, 1.8773, 0, 2.19402, 0, -1.8773, 0, -1.13554, 9.74172, 0.187333, -6.86826)

[node name="rubble6" parent="." instance=ExtResource("21_c8ykp")]
transform = Transform3D(-1.25018, 0, -0.816319, 0, 1.49309, 0, 0.816319, 0, -1.25018, 9.09678, 0.187333, -5.50409)

[node name="rubble4" parent="." instance=ExtResource("21_c8ykp")]
transform = Transform3D(-1.43953, 0, -1.58736, 0, 2.14288, 0, 1.58736, 0, -1.43953, 0.66311, 0.187333, 0.170783)

[node name="rubble3" parent="." instance=ExtResource("21_c8ykp")]
transform = Transform3D(3.46418, 0, -1.97874, 0, 3.98948, 0, 1.97874, 0, 3.46418, -12.3455, 0.187333, -12.115)

[node name="rubble7" parent="." instance=ExtResource("21_c8ykp")]
transform = Transform3D(0.530787, 0, 1.08553, 0, 1.20835, 0, -1.08553, 0, 0.530787, -12.6602, 0, 24.1024)

[node name="rocks" parent="." instance=ExtResource("22_fhbnj")]
transform = Transform3D(0.46685, 0, -0.884337, 0, 1, 0, 0.884337, 0, 0.46685, 19.7829, -0.522109, 15.577)

[node name="WaterRock" parent="." instance=ExtResource("13_a3a6l")]
transform = Transform3D(-0.169023, 0, -0.985612, 0, 1, 0, 0.985612, 0, -0.169023, 23.3533, 0.690515, 2.85481)

[node name="WaterRock2" parent="." instance=ExtResource("13_a3a6l")]
transform = Transform3D(-0.448535, 0, -0.45963, 0, 0.642218, 0, 0.45963, 0, -0.448535, -3.71492, 4.09119, 1.09058)

[node name="UnderWaterSoundScapeTram" parent="." instance=ExtResource("33_v1vur")]
transform = Transform3D(1, 0, 0, 0, 1, 0, 0, 0, 1, 7.03317, 9.61887, 0)
unit_size = 5.0
autoplay = true

[node name="No green soil" parent="." instance=ExtResource("34_fxlfq")]
transform = Transform3D(45, 0, 0, 0, 45, 0, 0, 0, 45, 10, 0, 0)

[node name="GPUParticles3D" parent="." instance=ExtResource("39_lvfal")]
transform = Transform3D(0.677416, 0, 0, 0, 0.677416, 0, 0, 0, 0.677416, -26.5209, -61.4166, -20.8621)

[node name="GlowingBarrel" parent="." instance=ExtResource("25_sa3ab")]
transform = Transform3D(1, 0, 0, 0, 1, 0, 0, 0, 1, 11.4446, 5.2259, -3.29465)

[node name="GlowingBarrel3" parent="." instance=ExtResource("25_sa3ab")]
transform = Transform3D(1, 0, 0, 0, 1, 0, 0, 0, 1, 11.7363, 0.997116, -9.71077)

[node name="GlowingBarrel4" parent="." instance=ExtResource("25_sa3ab")]
transform = Transform3D(1, 0, 0, 0, 0.98084, -0.194816, 0, 0.194816, 0.98084, 10.9873, 2.91053, -9.78086)

[node name="GlowingBarrel2" parent="." instance=ExtResource("25_sa3ab")]
transform = Transform3D(1, 0, 0, 0, 1, 0, 0, 0, 1, 6.63791, 1.00876, -16.9762)

[node name="greenbarrel" parent="." instance=ExtResource("14_ajkl1")]
transform = Transform3D(-0.493027, 0.00912872, 0.869966, -0.0823716, 0.994963, -0.057122, -0.866106, -0.0998232, -0.489792, 16.8092, -0.144656, -5.85478)

[node name="redbarrel" parent="." instance=ExtResource("15_yj140")]
transform = Transform3D(0.0820184, -0.0395751, 0.995845, 0.434571, 0.900638, 0, -0.896896, 0.432765, 0.091067, 17.8595, -0.426724, -7.56843)

[node name="yellowbarrel" parent="." instance=ExtResource("16_yn3rv")]
transform = Transform3D(0.0907502, 0.0075902, 0.995845, -0.0833474, 0.996521, 0, -0.99238, -0.0830011, 0.091067, 18.6488, -0.114864, -7.50671)

[node name="yellowbarrel2" parent="." instance=ExtResource("16_yn3rv")]
transform = Transform3D(-0.943221, 0.189232, 0.272994, 0.184515, 0.981885, -0.0430984, -0.276204, 0.0097203, -0.96105, 13.9777, -0.483311, -12.6113)

[node name="OmniLight3D" type="OmniLight3D" parent="."]
transform = Transform3D(1, 0, 0, 0, 1, 0, 0, 0, 1, -4.52028, 1.16281, 3.08648)

[node name="OmniLight3D2" type="OmniLight3D" parent="."]
transform = Transform3D(1, 0, 0, 0, 1, 0, 0, 0, 1, 7.31396, 5.53558, 0.435505)

[node name="OmniLight3D3" type="OmniLight3D" parent="."]
transform = Transform3D(1, 0, 0, 0, 1, 0, 0, 0, 1, 0.965469, 1.19884, 6.82586)

[node name="OmniLight3D4" type="OmniLight3D" parent="."]
transform = Transform3D(1, 0, 0, 0, 1, 0, 0, 0, 1, 1.19796, 1.19884, 17.5305)

[node name="OmniLight3D5" type="OmniLight3D" parent="."]
transform = Transform3D(1, 0, 0, 0, 1, 0, 0, 0, 1, 7.44334, 1.19884, 19.8145)

[node name="OmniLight3D6" type="OmniLight3D" parent="."]
transform = Transform3D(1, 0, 0, 0, 1, 0, 0, 0, 1, 17.4697, 1.19884, -3.28155)

[node name="OmniLight3D7" type="OmniLight3D" parent="."]
transform = Transform3D(1, 0, 0, 0, 1, 0, 0, 0, 1, 17.1755, 0.543176, 12.1223)

[node name="OmniLight3D8" type="OmniLight3D" parent="."]
transform = Transform3D(1, 0, 0, 0, 1, 0, 0, 0, 1, 13.0785, 1.2795, 13.9958)

[node name="WaterRock6" parent="." instance=ExtResource("13_a3a6l")]
transform = Transform3D(-0.103706, -0.0308292, -0.413488, 0.0864003, 0.415262, -0.0526314, 0.405534, -0.0963568, -0.0945268, 4.14731, 0.164667, 15.9462)

[node name="CollisionShape3D" type="CollisionShape3D" parent="WaterRock6"]
transform = Transform3D(0.0650089, 0.217711, -0.973845, 0.131102, 0.965586, 0.224617, 0.989234, -0.142275, 0.0342295, -56.4317, 18.874, 1.41778)
shape = SubResource("CapsuleShape3D_3gpu3")

[node name="WaterRock7" parent="." instance=ExtResource("13_a3a6l")]
transform = Transform3D(-0.186708, -0.00258391, 0.384462, -0.0385554, 0.42537, -0.015865, -0.382533, -0.0416116, -0.186051, 7.22557, 4.18708, -8.99299)

[node name="WaterRock12" parent="." instance=ExtResource("13_a3a6l")]
transform = Transform3D(-0.186708, -0.00258391, 0.384462, -0.0385554, 0.42537, -0.015865, -0.382533, -0.0416116, -0.186051, 8.47999, 2.41792, -10.1037)

[node name="WaterRock13" parent="." instance=ExtResource("13_a3a6l")]
transform = Transform3D(0.210422, 0.281281, -0.243477, -0.221205, 0.319505, 0.17794, 0.299113, 0.0384077, 0.302875, 8.37224, 3.50425, -9.58337)

[node name="WaterRock8" parent="." instance=ExtResource("13_a3a6l")]
transform = Transform3D(-0.125913, -0.0266138, -0.407572, -0.0385554, 0.42537, -0.015865, 0.406617, 0.0320921, -0.127713, 9.26251, 2.32183, -6.8748)

[node name="WaterRock9" parent="." instance=ExtResource("13_a3a6l")]
transform = Transform3D(-0.412038, -0.0412935, -0.105818, -0.0385554, 0.42537, -0.015865, 0.106846, -0.00574885, -0.413797, 8.87704, 4.56384, -7.85824)

[node name="WaterRock10" parent="." instance=ExtResource("13_a3a6l")]
transform = Transform3D(-0.376217, 0.188821, 0.0740599, -0.056267, -0.247101, 0.34417, 0.194865, 0.293199, 0.242363, 6.95153, 5.90319, -9.04943)

[node name="WaterRock11" parent="." instance=ExtResource("13_a3a6l")]
transform = Transform3D(0.327334, 0.195084, 0.193578, 0.0960984, -0.363292, 0.203621, 0.257479, -0.112421, -0.322093, 9.7411, 6.47871, -7.74069)

[node name="StaticBody3D" type="StaticBody3D" parent="."]
transform = Transform3D(1, 0, 0, 0, 1, 0, 0, 0, 1, -8.16308, 0.645463, 0)

[node name="CollisionShape3D" type="CollisionShape3D" parent="StaticBody3D"]
transform = Transform3D(0.999539, 0, 0.0303641, 0, 1, 0, -0.0303641, 0, 0.999539, 1.40847, 2.04175, -2.27332)
shape = SubResource("BoxShape3D_ehlir")

[node name="StaticBody3D2" type="StaticBody3D" parent="."]
transform = Transform3D(-0.159803, 0.275551, -0.947911, -0.890153, -0.455319, 0.0177082, -0.426722, 0.846615, 0.318044, -1.70897, 0.732812, -20.1533)

[node name="CollisionShape3D" type="CollisionShape3D" parent="StaticBody3D2"]
transform = Transform3D(1, 1.49012e-07, 1.19209e-07, -2.08616e-07, 1, -1.49012e-08, 1.24797e-07, -3.61353e-07, 1.00001, -0.943721, -1.56496, 0.525519)
shape = SubResource("BoxShape3D_p6xso")

[node name="StaticBody3D3" type="StaticBody3D" parent="."]
transform = Transform3D(1, 0, 0, 0, 1, 0, 0, 0, 1, 5.86282, 0, -23.8258)

[node name="CollisionShape3D" type="CollisionShape3D" parent="StaticBody3D3"]
transform = Transform3D(1, 0, 0, 0, 0.918626, -0.395129, 0, 0.395129, 0.918626, 0.266968, 2.45135, 2.80648)
shape = SubResource("BoxShape3D_0xk02")

[node name="StaticBody3D4" type="StaticBody3D" parent="."]
transform = Transform3D(0.897896, -0.223841, -0.379048, 0.126522, 0.955961, -0.264821, 0.421633, 0.189824, 0.886675, 15.7674, 0.319652, -21.7776)

[node name="CollisionShape3D" type="CollisionShape3D" parent="StaticBody3D4"]
transform = Transform3D(1, 6.70552e-08, 0, -1.11759e-07, 0.999999, 1.49012e-08, -1.19209e-07, -5.96046e-08, 1, -0.497963, 4.0869, 1.85745)
shape = SubResource("BoxShape3D_uf801")

[node name="StaticBody3D5" type="StaticBody3D" parent="."]
transform = Transform3D(0.454337, -0.202114, -0.867599, -0.00730088, 0.973045, -0.230502, 0.8908, 0.111059, 0.440614, 23.1034, -1.5971, -14.4521)

[node name="CollisionShape3D" type="CollisionShape3D" parent="StaticBody3D5"]
transform = Transform3D(0.990643, -0.0315285, -0.132799, 0.0313913, 0.999509, -0.00309584, 0.132835, -0.00110415, 0.991138, -0.632828, 5.60299, 1.42788)
shape = SubResource("BoxShape3D_xxj4w")

[node name="StaticBody3D6" type="StaticBody3D" parent="."]
transform = Transform3D(0.827296, -0.561766, 0, 0.561766, 0.827296, 0, 0, 0, 1, 25.0549, 1.56123, -3.0093)

[node name="CollisionShape3D" type="CollisionShape3D" parent="StaticBody3D6"]
transform = Transform3D(0.952845, 0.29791, 0.0577637, -0.300622, 0.952645, 0.0457567, -0.0413969, -0.0609641, 0.997281, -2.14833, 2.89482, -2.54835)
shape = SubResource("BoxShape3D_yb381")

[node name="StaticBody3D7" type="StaticBody3D" parent="."]
transform = Transform3D(1, 0, 0, 0, 1, 0, 0, 0, 1, 0, 8.31583, 0)

[node name="CollisionShape3D" type="CollisionShape3D" parent="StaticBody3D7"]
transform = Transform3D(1, 0, 0, 0, 1, 0, 0, 0, 1, 6.60498, 1.82422, -10.224)
shape = SubResource("BoxShape3D_64l64")

[node name="RockWall" type="Node3D" parent="."]
transform = Transform3D(-0.992597, 0.086073, -0.0856877, -0.120312, -0.600347, 0.790638, 0.0166103, 0.795094, 0.606258, 10.3634, 2.4105, -23.211)

[node name="WaterRock" parent="RockWall" instance=ExtResource("13_a3a6l")]
transform = Transform3D(-0.520235, 0, -0.854023, 0, 1, 0, 0.854023, 0, -0.520235, 1.5424, 1.08202, 2.56024)

[node name="WaterRock2" parent="RockWall" instance=ExtResource("13_a3a6l")]
transform = Transform3D(-0.520235, 0, -0.854023, 0, 1, 0, 0.854023, 0, -0.520235, 3.31569, 1.08202, 2.70734)

[node name="WaterRock3" parent="RockWall" instance=ExtResource("13_a3a6l")]
transform = Transform3D(-0.520235, 0, -0.854023, 0, 1, 0, 0.854023, 0, -0.520235, 5.09745, 1.08202, 2.84919)

[node name="WaterRock4" parent="RockWall" instance=ExtResource("13_a3a6l")]
transform = Transform3D(-0.520235, 0, -0.854023, 0, 1, 0, 0.854023, 0, -0.520235, 6.85358, 1.08202, 3.00313)

[node name="Surrounding Rocks2" parent="RockWall" instance=ExtResource("15_gwluc")]
transform = Transform3D(1.18821, 0.0945263, -0.445136, -0.400729, 0.807112, -0.89828, 0.215633, 0.979055, 0.7835, 3.96851, -1.65845, 13.9445)

[node name="WaterRock5" parent="RockWall" instance=ExtResource("13_a3a6l")]
